d w z t
72 8 0 0
72 8 0 0
72 8 0 0
72 25 0 0
72 18 0 0
72 43 0 0
72 8 0 0
130 30 1 0
130 2 1 0
130 43 1 0
130 30 1 0
130 34 2 1
189 14 0 0
189 43 0 0
144 33 3 0
144 6 3 0
144 14 3 0
144 16 3 0
144 16 3 0
144 43 3 0
144 6 3 0
159 22 2 0
159 22 2 0
159 43 2 0
159 1 2 0
159 34 2 0
197 43 0 0
197 18 0 0
4 39 2 0
4 36 2 0
4 38 2 0
4 34 2 0
4 38 2 0
4 37 2 1
4 37 2 0
4 38 2 0
4 43 2 1
4 20 2 0
141 43 0 0
82 9 0 0
82 43 0 0
82 5 0 0
99 28 0 0
99 43 1 1
8 29 2 0
8 43 0 1
8 26 2 0
8 9 0 1
8 5 0 1
205 11 0 0
205 43 0 1
95 43 0 0
95 24 0 0
95 41 0 0
95 35 3 1
95 9 0 0
95 41 0 0
139 43 1 0
139 26 1 0
139 29 2 1
139 30 1 0
139 1 1 0
139 39 2 1
107 36 2 0
107 39 2 0
107 34 2 0
107 37 2 0
107 38 2 0
107 20 2 0
107 38 2 0
107 37 2 0
107 43 2 0
107 38 2 0
40 16 3 0
40 6 3 0
40 43 3 0
40 14 3 0
40 6 3 0
40 16 3 0
40 33 3 0
188 43 2 0
188 31 2 0
173 43 0 0
1 15 2 0
1 8 0 1
1 3 2 2
1 43 2 3
1 29 2 0
1 8 0 1
128 34 2 0
128 26 2 0
128 3 2 0
128 32 2 0
128 43 0 1
128 29 2 0
128 13 2 2
13 7 1 0
13 9 1 0
13 2 1 0
13 2 1 0
13 43 1 0
13 33 1 0
129 26 1 0
129 2 1 2
129 24 1 0
129 33 1 0
129 26 1 0
129 21 1 1
129 43 1 0
129 33 1 0
129 3 1 1
5 43 0 0
3 16 3 0
3 43 0 1
121 19 0 0
121 43 0 1
121 9 0 0
121 8 0 0
88 6 3 0
88 43 0 1
17 43 0 0
17 15 1 1
132 11 0 1
132 8 0 1
132 9 0 1
132 43 2 0
132 18 0 2
127 9 1 0
127 43 1 0
167 18 2 0
167 43 2 0
136 36 2 0
136 43 0 1
96 27 0 0
96 43 0 0
96 24 0 0
96 17 0 0
96 17 0 0
187 3 2 0
187 31 5 1
187 29 2 0
187 43 0 2
187 37 2 3
71 40 4 0
71 40 4 0
71 10 4 0
71 40 4 1
71 43 4 1
71 31 4 1
71 40 4 0
108 43 2 0
105 43 2 0
21 19 0 0
21 3 0 0
21 9 0 0
21 43 0 0
29 8 0 0
29 18 0 0
29 43 0 0
29 11 0 1
29 9 0 0
181 43 3 0
6 38 2 0
6 32 2 0
6 13 2 0
6 43 2 0
78 43 0 0
191 6 3 0
191 43 2 1
23 3 1 0
23 3 1 0
23 18 1 0
23 43 1 0
23 3 1 0
23 2 1 0
23 11 1 0
26 26 1 1
26 33 1 1
26 2 1 0
26 43 0 3
26 21 1 1
26 26 3 2
26 24 1 1
26 3 1 1
26 33 1 1
194 25 0 0
194 43 0 0
194 41 0 0
87 43 0 1
87 31 4 0
87 31 4 0
87 9 1 2
122 34 2 0
122 20 2 0
122 36 2 0
122 22 2 0
122 43 2 0
122 34 2 0
122 22 2 0
122 14 2 0
122 34 2 0
122 22 2 0
186 8 0 0
186 43 0 0
186 9 0 0
16 42 1 0
16 4 1 0
16 3 1 0
16 9 1 0
16 12 1 0
16 4 1 0
16 27 0 1
16 43 0 2
16 41 1 0
196 27 0 0
196 19 0 0
196 43 0 0
196 25 0 0
196 9 0 0
196 21 0 0
162 28 0 0
162 43 0 0
69 36 2 0
69 43 2 1
65 40 4 0
65 43 4 0
65 25 4 0
64 18 0 0
64 43 0 1
143 16 3 0
143 6 3 0
143 33 3 0
143 16 3 0
143 14 3 0
143 6 3 0
143 43 3 0
56 22 2 0
56 1 2 0
56 34 2 0
56 43 2 0
56 22 2 0
114 43 2 0
114 22 2 0
114 32 2 0
114 32 2 1
114 36 2 0
146 14 3 0
146 43 3 0
146 8 0 1
146 26 3 0
146 9 0 2
146 14 3 0
47 11 0 0
47 2 1 2
47 18 2 1
47 43 0 0
47 8 0 0
47 34 2 1
154 43 0 0
154 41 0 0
15 12 1 0
15 34 1 0
15 43 1 0
15 23 1 0
15 9 1 0
15 42 1 0
195 9 0 0
195 43 0 0
73 43 0 0
73 6 0 1
73 27 0 0
120 43 1 0
120 15 2 1
171 8 0 0
171 16 0 0
171 1 0 0
171 27 0 0
171 41 0 1
171 43 0 0
180 37 2 0
180 10 2 0
180 36 2 0
180 43 2 0
180 29 2 0
177 8 0 0
177 43 0 0
63 21 3 0
63 35 3 0
63 35 3 0
63 43 3 0
63 21 3 0
63 21 3 0
11 43 2 0
11 36 2 0
11 32 2 1
11 22 2 1
11 32 2 0
134 3 1 0
134 38 1 0
134 21 1 0
134 43 0 1
134 30 1 0
134 2 1 0
134 10 1 0
184 8 0 0
184 9 1 1
184 43 0 2
184 30 1 1
184 9 0 2
204 34 2 0
204 37 2 0
204 43 2 1
140 10 4 0
140 43 0 1
140 25 0 1
198 41 4 0
198 24 4 0
198 9 0 1
198 41 0 1
198 43 0 1
198 35 4 0
172 36 2 0
172 43 0 1
79 42 2 0
79 34 2 0
79 12 5 1
79 39 2 0
79 43 2 0
109 43 2 0
109 38 2 0
109 13 2 0
109 32 2 0
36 30 2 0
36 43 2 0
36 29 2 0
36 26 1 1
36 1 2 0
36 39 2 0
86 14 3 0
86 43 0 1
112 34 2 0
112 43 2 0
112 34 2 0
112 32 2 1
112 32 2 0
112 15 2 0
112 13 2 1
123 9 1 0
123 2 1 0
123 43 1 0
123 12 1 0
123 3 1 0
123 2 1 0
123 2 1 0
123 42 1 0
149 43 2 0
149 1 2 0
149 22 4 1
166 43 3 0
166 21 3 0
166 21 3 0
166 35 3 0
166 21 3 0
166 35 3 0
117 15 2 0
117 13 2 0
117 15 2 0
117 43 2 1
117 34 2 1
68 16 0 0
68 8 0 0
68 41 0 0
68 43 0 0
68 27 0 0
68 1 0 0
201 28 0 0
201 43 0 1
201 28 0 0
106 16 0 0
106 43 0 1
84 3 2 0
84 31 2 0
84 37 2 0
84 29 2 0
84 43 2 0
147 43 1 0
83 9 0 0
83 43 0 0
83 8 0 1
14 43 2 0
14 13 2 1
14 15 2 1
14 15 2 1
14 34 2 1
22 42 4 0
22 1 0 1
22 43 0 1
22 12 4 0
102 43 0 0
102 11 1 1
176 43 2 0
176 6 2 0
176 27 0 1
157 33 3 0
157 43 0 1
157 37 2 2
157 4 0 1
150 18 0 1
150 8 0 0
150 11 0 1
150 2 0 0
150 34 0 0
150 43 0 0
42 6 3 1
42 19 0 0
42 8 0 0
42 6 3 1
42 27 0 0
42 28 0 0
42 43 0 0
9 15 2 0
9 32 2 0
9 32 2 0
9 34 2 0
9 13 2 0
9 34 2 0
9 43 2 0
74 43 0 0
74 8 0 1
89 35 3 0
89 43 3 0
89 21 3 0
138 19 0 1
138 21 3 0
138 43 0 1
138 21 3 0
138 5 3 0
138 13 3 0
138 4 0 1
66 9 0 0
66 34 0 0
66 43 0 0
98 28 0 0
98 43 0 0
98 28 0 0
50 43 0 0
193 23 1 0
193 43 1 0
81 9 0 0
81 43 1 1
81 8 0 0
81 9 1 1
81 30 1 1
46 22 2 0
46 1 2 0
46 43 2 0
137 9 0 0
137 43 0 0
137 11 0 0
44 43 3 0
103 43 2 0
103 1 2 0
103 40 4 1
103 20 2 0
168 25 0 0
168 43 0 0
168 40 4 1
160 23 1 0
160 23 1 0
160 2 1 0
160 43 0 1
160 21 1 0
160 19 0 1
160 23 1 0
75 43 0 0
75 31 4 1
58 28 0 0
58 19 0 0
58 43 0 0
58 19 0 0
58 19 0 0
58 27 0 0
199 27 0 0
199 17 0 0
199 24 0 0
199 17 0 0
199 43 0 0
163 5 0 0
163 43 2 1
163 6 0 0
163 28 0 0
76 17 0 0
76 43 2 1
153 43 0 0
152 43 1 0
152 30 1 0
30 9 1 0
30 43 1 0
30 12 1 0
30 24 1 0
30 3 1 0
30 10 1 0
30 42 1 0
30 2 1 0
161 43 0 0
161 19 0 0
161 19 0 0
161 27 0 0
161 28 0 0
161 19 0 0
156 36 2 0
156 20 2 0
156 13 2 0
156 39 2 0
156 4 2 0
156 38 2 0
156 43 2 0
110 22 2 0
110 39 2 0
110 39 2 0
110 32 2 0
110 29 2 0
110 18 2 0
110 43 2 0
110 10 2 0
110 34 2 0
55 43 0 1
55 26 2 0
55 9 2 0
55 22 2 0
55 4 2 0
55 20 2 0
55 39 2 0
55 20 2 0
55 34 2 0
55 7 2 0
174 40 4 0
174 40 4 0
174 10 4 0
174 40 4 0
174 31 4 0
174 43 4 0
174 40 4 0
18 43 0 0
18 19 0 0
18 9 0 0
18 8 0 0
24 9 0 0
24 43 0 1
116 33 1 0
116 2 1 0
116 7 1 0
116 43 1 0
116 2 1 0
116 9 1 0
192 43 3 0
192 35 3 0
192 21 3 0
19 20 2 0
19 22 2 0
19 34 2 0
19 36 2 0
19 14 2 0
19 34 2 0
19 43 0 1
19 34 2 0
19 22 2 0
19 22 2 0
67 43 0 0
164 8 0 0
164 2 1 1
164 24 0 0
164 9 0 0
164 43 0 0
164 8 0 0
164 8 0 0
164 17 0 0
164 39 1 1
25 43 2 0
25 13 2 0
25 34 2 0
25 26 2 0
25 29 2 0
25 3 2 0
25 32 2 0
38 43 0 0
45 43 2 0
45 7 2 0
45 9 0 1
45 13 2 0
45 22 2 0
28 43 0 1
28 8 0 1
28 11 0 0
28 8 0 0
28 25 0 2
77 37 2 0
77 10 1 1
77 43 1 1
77 29 2 0
77 36 2 0
0 1 2 0
0 20 2 0
0 43 0 1
0 40 1 2
142 30 1 0
142 3 1 0
142 2 1 0
142 23 1 0
142 30 1 0
142 23 1 0
142 43 1 0
170 43 0 0
37 25 4 0
37 10 4 0
37 43 1 1
113 12 1 1
113 43 0 0
113 9 0 0
113 9 1 1
115 7 2 0
115 7 2 0
115 2 1 1
115 43 2 0
115 15 2 0
115 37 2 0
115 22 2 0
85 31 0 0
85 43 0 0
53 39 2 0
53 36 2 1
53 13 2 0
53 4 2 0
53 43 2 0
53 20 2 0
53 38 2 0
51 43 0 0
51 41 0 1
151 43 0 0
190 9 0 1
190 31 4 0
190 43 4 0
190 31 4 0
124 9 0 0
124 19 0 0
124 43 0 0
124 3 0 0
12 43 2 0
12 7 2 0
12 7 2 0
12 15 2 0
12 37 2 0
12 2 0 1
12 22 2 0
148 22 2 1
148 7 2 1
148 43 0 0
148 9 0 0
148 13 2 1
131 43 0 1
131 25 0 0
131 8 0 0
131 11 0 1
131 8 0 0
175 25 0 0
175 8 0 0
175 8 0 0
175 8 0 0
175 43 0 0
175 8 0 0
175 18 0 0
169 9 0 0
169 34 2 1
169 43 1 2
48 43 2 0
49 43 0 0
49 30 1 1
31 30 1 0
31 43 1 0
31 21 1 0
31 2 1 0
31 3 1 0
31 10 1 0
31 38 1 0
70 43 0 0
179 17 0 0
179 43 0 0
93 21 1 2
93 43 0 1
93 27 0 1
93 9 0 1
93 25 0 0
93 19 0 1
32 3 2 0
32 43 2 0
32 7 2 1
32 36 2 1
32 15 2 1
203 28 0 0
203 43 1 1
203 24 0 0
35 5 3 0
35 21 3 0
35 21 3 1
35 13 0 2
35 4 3 3
35 19 0 2
35 43 3 3
33 36 2 0
33 43 2 1
155 9 0 0
155 43 0 0
155 25 0 0
133 43 0 2
133 42 1 0
133 3 1 0
133 24 1 0
133 12 1 1
133 2 1 1
133 9 1 1
133 10 1 1
43 26 3 1
43 9 0 0
43 8 0 0
43 14 3 1
43 14 3 1
43 43 3 1
34 43 0 0
34 11 0 0
34 9 0 0
202 43 0 0
202 28 0 1
100 43 0 0
100 28 0 0
100 24 0 0
119 4 0 1
119 4 1 0
119 12 1 0
119 43 0 1
119 27 0 1
119 42 1 0
119 9 1 0
119 3 0 1
119 41 0 1
60 5 0 0
60 43 0 0
60 28 0 0
60 6 0 0
7 32 2 0
7 29 2 1
7 18 2 2
7 39 2 0
7 10 2 1
7 22 2 0
7 39 2 0
7 34 2 0
7 43 2 1
10 43 0 0
10 9 0 0
10 12 1 1
10 9 1 1
41 16 2 1
41 14 3 0
41 6 3 0
41 43 3 0
41 16 3 0
41 33 3 0
41 6 3 0
90 23 1 0
90 43 1 0
125 1 1 0
125 43 0 1
125 42 1 0
125 12 1 0
97 27 0 0
97 17 0 0
97 43 2 1
97 17 0 0
97 24 0 0
118 42 1 0
118 23 1 0
118 43 1 0
118 12 1 0
118 9 1 1
118 34 2 2
111 29 2 1
111 26 2 1
111 5 0 0
111 43 0 0
111 9 0 0
57 21 1 0
57 23 1 0
57 2 1 0
57 23 1 0
57 23 1 1
57 19 1 0
57 43 0 2
59 43 0 0
59 28 0 1
20 2 1 0
20 3 1 0
20 42 1 0
20 2 1 0
20 2 1 0
20 12 1 0
20 43 2 1
20 9 1 0
62 24 3 0
62 43 3 0
62 35 3 0
62 6 3 0
62 6 3 0
62 35 3 0
62 35 3 0
62 6 3 0
158 22 2 0
158 4 2 0
158 34 2 0
158 26 2 0
158 7 2 0
158 20 2 0
158 9 0 1
158 39 2 0
158 20 2 2
158 43 2 0
92 43 0 0
92 9 0 0
185 43 0 0
185 9 0 0
185 5 0 0
135 15 2 1
135 3 2 0
135 43 2 1
135 7 2 1
135 36 2 0
200 17 0 0
200 43 0 0
200 24 0 0
200 27 0 0
200 17 0 0
178 31 5 0
178 43 0 1
54 4 3 0
54 37 2 1
54 33 3 0
54 43 0 2
145 27 0 0
145 28 0 0
145 6 0 0
145 8 0 0
145 6 3 1
145 43 0 0
145 19 0 0
104 8 0 1
104 43 2 0
104 29 2 0
104 3 2 0
104 8 0 2
104 15 2 0
165 35 3 1
165 6 3 0
165 35 3 1
165 24 0 2
165 6 3 0
165 43 3 1
165 35 3 0
165 6 3 1
39 23 1 0
39 30 1 0
39 23 1 0
39 43 1 0
39 30 1 0
39 3 1 0
39 2 1 0
94 18 0 0
94 43 0 0
91 25 0 0
91 43 0 1
91 41 0 0
27 30 1 0
27 34 2 1
27 2 1 0
27 30 1 2
27 43 1 0
182 43 1 0
182 34 1 0
182 42 1 0
182 12 1 0
182 39 4 1
52 9 0 0
52 43 0 0
52 25 0 0
2 43 3 0
183 43 0 0
183 18 1 1
126 2 1 0
126 18 1 0
126 3 1 0
126 3 1 0
126 11 1 0
126 43 1 0
126 3 1 0
80 43 2 0
80 18 2 1
61 2 0 0
61 17 0 2
61 8 0 2
61 39 4 1
61 9 0 2
61 8 0 2
61 24 0 2
61 8 0 2
61 43 0 2
101 34 2 0
101 37 2 0
101 43 2 0
